generation,best_score,avg_score
1,2516,1815.24
2,2516,1816.5
3,2625,1961.92
4,2657,1929.3
5,2657,2020.92
6,2657,2207.32
7,2657,2039.76
8,2733,2165.68
9,2733,2222.28
10,2763,2062.38
11,2763,2289.98
12,2763,2266.82
13,2763,2305.94
14,2763,2325.02
15,2763,2226.44
16,2765,2257.16
17,2765,2328.74
18,2765,2505.2
19,2765,2441.66
20,2765,2533.74
21,2765,2600.62
22,2765,2590.04
23,2765,2525.54
24,2765,2552.28
25,2810,2509.0
26,2810,2583.18
27,2810,2562.54
28,2810,2552.8
29,2810,2591.94
30,2810,2599.34
31,2810,2490.72
32,2810,2530.2
33,2810,2567.82
34,2810,2581.7
35,2810,2603.98
36,2810,2673.22
37,2810,2420.66
38,2810,2611.12
39,2810,2673.9
40,2810,2625.42
41,2810,2626.42
42,2810,2549.64
43,2810,2683.36
44,2810,2680.88
45,2810,2501.98
46,2810,2555.52
47,2810,2614.28
48,2810,2560.6
49,2810,2551.68
50,2810,2685.22
51,2810,2640.72
52,2810,2619.8
53,2853,2641.34
54,2853,2552.46
55,2853,2622.8
56,2853,2740.82
57,2853,2416.78
58,2853,2582.76
59,2853,2572.0
60,2853,2654.4
61,2853,2685.8
62,2853,2568.58
63,2853,2553.2
64,2853,2714.78
65,2853,2521.8
66,2853,2599.9
67,2853,2627.82
68,2853,2596.34
69,2853,2710.9
70,2853,2675.64
71,2853,2714.68
72,2853,2519.98
73,2853,2600.28
74,2853,2695.8
75,2853,2603.26
76,2853,2718.5
77,2853,2553.14
78,2853,2659.36
79,2853,2783.32
80,2853,2773.62
81,2853,2596.4
82,2853,2574.34
83,2853,2591.88
84,2853,2700.6
85,2853,2697.3
86,2853,2590.66
87,2853,2606.1
88,2853,2644.94
89,2853,2649.82
90,2853,2662.44
91,2853,2698.04
92,2853,2666.54
93,2853,2490.16
94,2853,2599.04
95,2853,2583.86
96,2853,2656.02
97,2853,2560.74
98,2853,2666.94
99,2853,2803.86
100,2853,2649.98
101,2853,2656.72
102,2853,2657.22
103,2853,2697.06
104,2853,2707.2
105,2853,2595.46
106,2853,2564.9
107,2853,2685.56
108,2853,2536.36
109,2853,2619.66
110,2853,2653.06
111,2853,2497.88
112,2853,2596.0
113,2853,2624.58
114,2853,2493.82
115,2853,2693.94
116,2853,2736.74
117,2853,2696.06
118,2853,2725.84
119,2853,2704.2
120,2853,2599.86
121,2853,2803.4
122,2853,2756.34
123,2853,2714.98
124,2853,2611.7
125,2853,2535.62
126,2853,2679.3
127,2853,2751.58
128,2853,2547.7
129,2853,2663.26
130,2853,2726.08
131,2853,2524.24
132,2853,2637.32
133,2853,2587.74
134,2853,2670.38
135,2853,2532.38
136,2853,2686.3
137,2853,2669.64
138,2853,2650.56
139,2853,2565.88
140,2853,2613.56
141,2853,2627.66
142,2853,2651.56
143,2853,2728.82
144,2853,2691.94
145,2853,2601.24
146,2853,2819.38
147,2853,2660.04
148,2853,2725.76
149,2853,2651.5
150,2853,2741.3
151,2853,2718.88
152,2853,2755.94
153,2853,2719.86
154,2853,2634.9
155,2853,2597.08
156,2853,2755.42
157,2853,2606.62
158,2853,2620.82
159,2853,2790.92
160,2853,2713.62
161,2853,2661.02
162,2853,2677.4
163,2853,2704.14
164,2853,2753.62
165,2853,2718.54
166,2853,2548.7
167,2853,2645.74
168,2853,2710.8
169,2853,2715.14
170,2853,2649.12
171,2853,2602.34
172,2853,2526.1
173,2853,2645.56
174,2853,2551.0
175,2853,2560.6
176,2853,2599.58
177,2853,2656.64
178,2853,2746.52
179,2853,2692.98
180,2853,2737.62
181,2853,2706.46
182,2853,2673.22
183,2853,2644.18
184,2853,2590.88
185,2853,2636.96
186,2853,2641.7
187,2853,2621.38
188,2853,2762.26
189,2853,2594.64
190,2853,2650.72
191,2853,2632.48
192,2853,2690.16
193,2853,2667.84
194,2853,2664.82
195,2853,2558.72
196,2853,2682.44
197,2853,2641.84
198,2853,2620.68
199,2853,2669.32
200,2853,2676.82
201,2853,2685.72
202,2853,2706.6
203,2853,2694.64
204,2853,2683.1
205,2853,2711.0
206,2853,2594.54
207,2853,2843.62
208,2853,2642.34
209,2853,2613.84
210,2853,2577.56
211,2853,2759.62
212,2853,2696.12
213,2853,2648.24
214,2853,2727.44
215,2853,2580.18
216,2853,2796.94
217,2853,2497.68
218,2853,2619.96
219,2853,2678.1
220,2853,2642.14
221,2853,2694.06
222,2853,2629.72
223,2853,2545.86
224,2853,2681.32
225,2853,2741.38
226,2853,2506.8
227,2853,2576.18
228,2853,2691.18
229,2853,2686.94
230,2853,2647.58
231,2853,2624.64
232,2853,2577.32
233,2853,2748.46
234,2853,2604.66
235,2853,2814.46
236,2853,2781.16
237,2853,2665.96
238,2853,2688.82
239,2853,2757.12
240,2853,2751.18
241,2853,2533.74
242,2853,2629.6
243,2853,2782.14
244,2853,2632.7
245,2853,2675.74
246,2853,2727.82
247,2853,2646.68
248,2853,2598.78
249,2853,2741.62
250,2853,2689.62
251,2853,2782.62
252,2853,2683.44
253,2853,2814.62
254,2853,2713.74
255,2853,2655.06
256,2853,2560.46
257,2853,2665.44
258,2853,2725.14
259,2853,2692.86
260,2853,2635.72
261,2853,2516.06
262,2853,2589.58
263,2853,2560.0
264,2853,2633.94
265,2853,2768.08
266,2853,2683.94
267,2853,2715.9
268,2853,2785.7
269,2853,2695.96
270,2853,2734.18
271,2853,2596.34
272,2853,2634.22
273,2853,2640.92
274,2853,2663.12
275,2853,2607.7
276,2853,2575.18
277,2853,2656.62
278,2853,2714.02
279,2853,2616.22
280,2853,2567.7
281,2853,2606.8
282,2853,2609.1
283,2853,2563.2
284,2853,2690.82
285,2853,2632.04
286,2853,2732.58
287,2853,2467.2
288,2853,2689.82
289,2853,2628.14
290,2853,2538.6
291,2853,2764.56
292,2853,2584.74
293,2853,2601.6
294,2853,2653.02
295,2853,2658.9
296,2853,2714.44
297,2853,2717.3
298,2853,2623.7
299,2853,2630.28
300,2853,2747.6
301,2853,2738.74
302,2853,2645.86
303,2853,2611.76
304,2853,2704.54
305,2853,2534.5
306,2853,2635.82
307,2853,2585.12
308,2853,2582.26
309,2853,2676.66
310,2853,2495.26
311,2853,2785.52
312,2853,2667.6
313,2853,2520.08
314,2853,2672.56
315,2853,2622.76
316,2853,2745.94
317,2853,2725.2
318,2853,2756.6
319,2853,2547.4
320,2853,2648.76
321,2853,2680.7
322,2853,2616.38
323,2853,2648.22
324,2853,2619.04
325,2853,2476.8
326,2853,2671.64
327,2853,2717.52
328,2853,2580.68
329,2853,2792.64
330,2853,2655.54
331,2853,2703.12
332,2853,2536.84
333,2853,2603.64
334,2853,2511.72
335,2853,2724.9
336,2853,2747.36
337,2853,2798.38
338,2853,2713.0
339,2853,2770.86
340,2853,2657.74
341,2853,2577.1
342,2853,2645.32
343,2853,2728.92
344,2853,2588.3
345,2853,2694.4
346,2853,2711.0
347,2853,2650.34
348,2853,2593.44
349,2853,2596.72
350,2853,2520.3
351,2853,2509.24
352,2853,2669.32
353,2853,2573.36
354,2853,2710.32
355,2853,2711.96
356,2853,2654.48
357,2853,2613.38
358,2853,2631.28
359,2853,2651.22
360,2853,2704.88
361,2853,2723.08
362,2853,2693.98
363,2853,2628.86
364,2853,2762.9
365,2853,2602.9
366,2853,2590.48
367,2853,2683.34
368,2853,2732.38
369,2853,2647.7
370,2853,2606.86
371,2853,2679.6
372,2853,2648.58
373,2853,2667.36
374,2853,2661.36
375,2853,2546.32
376,2853,2769.4
377,2853,2721.04
378,2853,2543.68
379,2853,2503.7
380,2853,2629.72
381,2853,2672.04
382,2853,2697.66
383,2853,2752.56
384,2853,2649.36
385,2853,2685.02
386,2853,2680.94
387,2853,2668.64
388,2853,2649.1
389,2853,2627.72
390,2853,2773.46
391,2853,2601.84
392,2853,2652.04
393,2853,2561.38
394,2853,2599.14
395,2853,2639.3
396,2853,2489.18
397,2853,2569.22
398,2853,2614.14
399,2853,2696.7
400,2853,2616.88
